image: MEN_gray.png
resolution: 0.00975
origin: [-1.704744951133563,-10.90249552267154, 0.000000]
negate: 0
occupied_thresh: 0.45
free_thresh: 0.196
# starting_angle: 1.0471975511965976 # 60 degrees in radians
# default_resolution: 0.00975